7
15
23
31
39
47
55
63
71
79
87
95
103
111
119
127
135
143
151
159
167
175
183
191
199
207
215
223
231
239
247
255
263
271
279
287
295
303
311
319
327
335
343
351
359
367
375
383
391
399
407
415
423
431
439
447
455
463
471
479
487
495
503
511
519
527
535
543
551
559
567
575
583
591
599
607
615
623
631
639
647
655
663
671
679
687
695
703
711
719
727
735
743
751
759
767
775
783
791
799
807
815
823
831
839
847
855
863
871
879
887
895
903
911
919
927
935
943
951
959
967
975
983
991
999
1007
1015
1023
1031
1039
1047
1055
1063
1071
1079
1087
1095
1103
1111
1119
1127
1135
1143
1151
1159
1167
1175
1183
1191
1199
1207
1215
1223
1231
1239
1247
1255
1263
1271
1279
1287
1295
1303
1311
1319
1327
1335
1343
1351
1359
1367
1375
1383
1391
1399
1407
1415
1423
1431
1439
1447
1455
1463
1471
1479
1487
1495
1503
1511
1519
1527
1535
1543
1551
1559
1567
1575
1583
1591
1599
1607
1615
1623
1631
1639
1647
1655
1663
1671
1679
1687
1695
1703
1711
1719
1727
1735
1743
1751
1759
1767
1775
1783
1791
1799
1807
1815
1823
1831
1839
1847
1855
1863
1871
1879
1887
1895
1903
1911
1919
1927
1935
1943
1951
1959
1967
1975
1983
1991
1999
2007
2015
2023
2031
2039
2047
2055
2063
2071
2079
2087
2095
2103
2111
2119
2127
2135
2143
2151
2159
2167
2175
2183
2191
2199
2207
2215
2223
2231
2239
2247
2255
2263
2271
2279
2287
2295
2303
2311
2319
2327
2335
2343
2351
2359
2367
2375
2383
2391
2399
2407
2415
2423
2431
2439
2447
2455
2463
2471
2479
2487
2495
2503
2511
2519
2527
2535
2543
2551
2559
2567
2575
2583
2591
2599
2607
2615
2623
2631
2639
2647
2655
2663
2671
2679
2687
2695
2703
2711
2719
2727
2735
2743
2751
2759
2767
2775
2783
2791
2799
2807
2815
2823
2831
2839
2847
2855
2863
2871
2879
2887
2895
2903
2911
2919
2927
2935
2943
2951
2959
2967
2975
2983
2991
2999
3007
3015
3023
3031
3039
3047
3055
3063
3071
3079
3087
3095
3103
3111
3119
3127
3135
3143
3151
3159
3167
3175
3183
3191
3199
3207
3215
3223
3231
3239
3247
3255
3263
3271
3279
3287
3295
3303
3311
3319
3327
3335
3343
3351
3359
3367
3375
3383
3391
3399
3407
3415
3423
3431
3439
3447
3455
3463
3471
3479
3487
3495
3503
3511
3519
3527
3535
3543
3551
3559
3567
3575
3583
3591
3599
3607
3615
3623
3631
3639
3647
3655
3663
3671
3679
3687
3695
3703
3711
3719
3727
3735
3743
3751
3759
3767
3775
3783
3791
3799
3807
3815
3823
3831
3839
3847
3855
3863
3871
3879
3887
3895
3903
3911
3919
3927
3935
3943
3951
3959
3967
3975
3983
3991
3999
4007
4015
4023
4031
4039
4047
4055
4063
4071
4079
4087
4095
4103
4111
4119
4127
4135
4143
4151
4159
4167
4175
4183
4191
4199
4207
4215
4223
4231
4239
4247
4255
4263
4271
4279
4287
4295
4303
4311
4319
4327
4335
4343
4351
4359
4367
4375
4383
4391
4399
4407
4415
4423
4431
4439
4447
4455
4463
4471
4479
4487
4495
4503
4511
4519
4527
4535
4543
4551
4559
4567
4575
4583
4591
4599
4607
4615
4623
4631
4639
4647
4655
4663
4671
4679
4687
4695
4703
4711
4719
4727
4735
4743
4751
4759
4767
4775
4783
4791
4799
4807
4815
4823
4831
4839
4847
4855
4863
4871
4879
4887
4895
4903
4911
4919
4927
4935
4943
4951
4959
4967
4975
4983
4991
4999
5007
5015
5023
5031
5039
5047
5055
5063
5071
5079
5087
5095
5103
5111
5119
5127
5135
5143
5151
5159
5167
5175
5183
5191
5199
5207
5215
5223
5231
5239
5247
5255
5263
5271
5279
5287
5295
5303
5311
5319
5327
5335
5343
5351
5359
5367
5375
5383
5391
5399
5407
5415
5423
5431
5439
5447
5455
5463
5471
5479
5487
5495
5503
5511
5519
5527
5535
5543
5551
5559
5567
5575
5583
5591
5599
5607
5615
5623
5631
5639
5647
5655
5663
5671
5679
5687
5695
5703
5711
5719
5727
5735
5743
5751
5759
5767
5775
5783
5791
5799
5807
5815
5823
5831
5839
5847
5855
5863
5871
5879
5887
5895
5903
5911
5919
5927
5935
5943
5951
5959
5967
5975
5983
5991
5999
6007
6015
6023
6031
6039
6047
6055
6063
6071
6079
6087
6095
6103
6111
6119
6127
6135
6143
6151
6159
6167
6175
6183
6191
6199
6207
6215
6223
6231
6239
6247
6255
6263
6271
6279
6287
6295
6303
6311
6319
6327
6335
6343
6351
6359
6367
6375
6383
6391
6399
6407
6415
6423
6431
6439
6447
6455
6463
6471
6479
6487
6495
6503
6511
6519
6527
6535
6543
6551
6559
6567
6575
6583
6591
6599
6607
6615
6623
6631
6639
6647
6655
6663
6671
6679
6687
6695
6703
6711
6719
6727
6735
6743
6751
6759
6767
6775
6783
6791
6799
6807
6815
6823
6831
6839
6847
6855
6863
6871
6879
6887
6895
6903
6911
6919
6927
6935
6943
6951
6959
6967
6975
6983
6991
6999
7007
7015
7023
7031
7039
7047
7055
7063
7071
7079
7087
7095
7103
7111
7119
7127
7135
7143
7151
7159
7167
7175
7183
7191
7199
7207
7215
7223
7231
7239
7247
7255
7263
7271
7279
7287
7295
7303
7311
7319
7327
7335
7343
7351
7359
7367
7375
7383
7391
7399
7407
7415
7423
7431
7439
7447
7455
7463
7471
7479
7487
7495
7503
7511
7519
7527
7535
7543
7551
7559
7567
7575
7583
7591
7599
7607
7615
7623
7631
7639
7647
7655
7663
7671
7679
7687
7695
7703
7711
7719
7727
7735
7743
7751
7759
7767
7775
7783
7791
7799
7807
7815
7823
7831
7839
7847
7855
7863
7871
7879
7887
7895
7903
7911
7919
7927
7935
7943
7951
7959
7967
7975
7983
7991
7999
8007
8015
8023
8031
8039
8047
8055
8063
8071
8079
8087
8095
8103
8111
8119
8127
8135
8143
8151
8159
8167
8175
8183
8191
8199
8207
8215
8223
8231
8239
8247
8255
8263
8271
8279
8287
8295
8303
8311
8319
8327
8335
8343
8351
8359
8367
8375
8383
8391
8399
8407
8415
8423
8431
8439
8447
8455
8463
8471
8479
8487
8495
8503
8511
8519
8527
8535
8543
8551
8559
8567
8575
8583
8591
8599
8607
8615
8623
8631
8639
8647
8655
8663
8671
8679
8687
8695
8703
8711
8719
8727
8735
8743
8751
8759
8767
8775
8783
8791
8799
8807
8815
8823
8831
8839
8847
8855
8863
8871
8879
8887
8895
8903
8911
8919
8927
8935
8943
8951
8959
8967
8975
8983
8991
8999
9007
9015
9023
9031
9039
9047
9055
9063
9071
9079
9087
9095
9103
9111
9119
9127
9135
9143
9151
9159
9167
9175
9183
9191
9199
9207
9215
9223
9231
9239
9247
9255
9263
9271
9279
9287
9295
9303
9311
9319
9327
9335
9343
9351
9359
9367
9375
9383
9391
9399
9407
9415
9423
9431
9439
9447
9455
9463
9471
9479
9487
9495
9503
9511
9519
9527
9535
9543
9551
9559
9567
9575
9583
9591
9599
9607
9615
9623
9631
9639
9647
9655
9663
9671
9679
9687
9695
9703
9711
9719
9727
9735
9743
9751
9759
9767
9775
9783
9791
9799
9807
9815
9823
9831
9839
9847
9855
9863
9871
9879
9887
9895
9903
9911
9919
9927
9935
9943
9951
9959
9967
9975
9983
9991
9999
10007
10015
10023
10031
10039
10047
10055
10063
10071
10079
10087
10095
10103
10111
10119
10127
10135
10143
10151
10159
10167
10175
10183
10191
10199
10207
10215
10223
10231
10239
10247
10255
10263
10271
10279
10287
10295
10303
10311
10319
10327
10335
10343
10351
10359
10367
10375
10383
10391
10399
10407
10415
10423
10431
10439
10447
10455
10463
10471
10479
10487
10495
10503
10511
10519
10527
10535
10543
10551
10559
10567
10575
10583
10591
10599
10607
10615
10623
10631
10639
10647
10655
10663
10671
10679
10687
10695
10703
10711
10719
10727
10735
10743
10751
10759
10767
10775
10783
10791
10799
10807
10815
10823
10831
10839
10847
10855
10863
10871
10879
10887
10895
10903
10911
10919
10927
10935
10943
10951
10959
10967
10975
10983
10991
10999
11007
11015
11023
11031
11039
11047
11055
11063
11071
11079
11087
11095
11103
11111
11119
11127
11135
11143
11151
11159
11167
11175
11183
11191
11199
11207
11215
11223
11231
11239
11247
11255
11263
11271
11279
11287
11295
11303
11311
11319
11327
11335
11343
11351
11359
11367
11375
11383
11391
11399
11407
11415
11423
11431
11439
11447
11455
11463
11471
11479
11487
11495
11503
11511
11519
11527
11535
11543
11551
11559
11567
11575
11583
11591
11599
11607
11615
11623
11631
11639
11647
11655
11663
11671
11679
11687
11695
11703
11711
11719
11727
11735
11743
11751
11759
11767
11775
11783
11791
11799
11807
11815
11823
11831
11839
11847
11855
11863
11871
11879
11887
11895
11903
11911
11919
11927
11935
11943
11951
11959
11967
11975
11983
11991
11999
12007
12015
12023
12031
12039
12047
12055
12063
12071
12079
12087
12095
12103
12111
12119
12127
12135
12143
12151
12159
12167
12175
12183
12191
12199
12207
12215
12223
12231
12239
12247
12255
12263
12271
12279
12287
12295
12303
12311
12319
12327
12335
12343
12351
12359
12367
12375
12383
12391
12399
12407
12415
12423
12431
12439
12447
12455
12463
12471
12479
12487
12495
12503
12511
12519
12527
12535
12543
12551
12559
12567
12575
12583
12591
12599
12607
12615
12623
12631
12639
12647
12655
12663
12671
12679
12687
12695
12703
12711
12719
12727
12735
12743
12751
12759
12767
12775
12783
12791
12799
12807
12815
12823
12831
12839
12847
12855
12863
12871
12879
12887
12895
12903
12911
12919
12927
12935
12943
12951
12959
12967
12975
12983
12991
12999
13007
13015
13023
13031
13039
13047
13055
13063
13071
13079
13087
13095
13103
13111
13119
13127
13135
13143
13151
13159
13167
13175
13183
13191
13199
13207
13215
13223
13231
13239
13247
13255
13263
13271
13279
13287
13295
13303
13311
13319
13327
13335
13343
13351
13359
13367
13375
13383
13391
13399
13407
13415
13423
13431
13439
13447
13455
13463
13471
13479
13487
13495
13503
13511
13519
13527
13535
13543
13551
13559
13567
13575
13583
13591
13599
13607
13615
13623
13631
13639
13647
13655
13663
13671
13679
13687
13695
13703
13711
13719
13727
13735
13743
13751
13759
13767
13775
13783
13791
13799
13807
13815
13823
13831
13839
13847
13855
13863
13871
13879
13887
13895
13903
13911
13919
13927
13935
13943
13951
13959
13967
13975
13983
13991
13999
14007
14015
14023
14031
14039
14047
14055
14063
14071
14079
14087
14095
14103
14111
14119
14127
14135
14143
14151
14159
14167
14175
14183
14191
14199
14207
14215
14223
14231
14239
14247
14255
14263
14271
14279
14287
14295
14303
14311
14319
14327
14335
14343
14351
14359
14367
14375
14383
14391
14399
14407
14415
14423
14431
14439
14447
14455
14463
14471
14479
14487
14495
14503
14511
14519
14527
14535
14543
14551
14559
14567
14575
14583
14591
14599
14607
14615
14623
14631
14639
14647
14655
14663
14671
14679
14687
14695
14703
14711
14719
14727
14735
14743
14751
14759
14767
14775
14783
14791
14799
14807
14815
14823
14831
14839
14847
14855
14863
14871
14879
14887
14895
14903
14911
14919
14927
14935
14943
14951
14959
14967
14975
14983
14991
14999
15007
15015
15023
15031
15039
15047
15055
15063
15071
15079
15087
15095
15103
15111
15119
15127
15135
15143
15151
15159
15167
15175
15183
15191
15199
15207
15215
15223
15231
15239
15247
15255
15263
15271
15279
15287
15295
15303
15311
15319
15327
15335
15343
15351
15359
15367
15375
15383
15391
15399
15407
15415
15423
15431
15439
15447
15455
15463
15471
15479
15487
15495
15503
15511
15519
15527
15535
15543
15551
15559
15567
15575
15583
15591
15599
15607
15615
15623
15631
15639
15647
15655
15663
15671
15679
15687
15695
15703
15711
15719
15727
15735
15743
15751
15759
15767
15775
15783
15791
15799
15807
15815
15823
15831
15839
15847
15855
15863
15871
15879
15887
15895
15903
15911
15919
15927
15935
15943
15951
15959
15967
15975
15983
15991
15999
16007
16015
16023
16031
16039
16047
16055
16063
16071
16079
16087
16095
16103
16111
16119
16127
16135
16143
16151
16159
16167
16175
16183
16191
16199
16207
16215
16223
16231
16239
16247
16255
16263
16271
16279
16287
16295
16303
16311
16319
16327
16335
16343
16351
16359
16367
16375
16383
16391
16399
16407
16415
16423
16431
16439
16447
16455
16463
16471
16479
16487
16495
16503
16511
16519
16527
16535
16543
16551
16559
16567
16575
16583
16591
16599
16607
16615
16623
16631
16639
16647
16655
16663
16671
16679
16687
16695
16703
16711
16719
16727
16735
16743
16751
16759
16767
16775
16783
16791
16799
16807
16815
16823
16831
16839
16847
16855
16863
16871
16879
16887
16895
16903
16911
16919
16927
16935
16943
16951
16959
16967
16975
16983
16991
16999
17007
17015
17023
17031
17039
17047
17055
17063
17071
17079
17087
17095
17103
17111
17119
17127
17135
17143
17151
17159
17167
17175
17183
17191
17199
17207
17215
17223
17231
17239
17247
17255
17263
17271
17279
17287
17295
17303
17311
17319
17327
17335
17343
17351
17359
17367
17375
17383
17391
17399
17407
17415
17423
17431
17439
17447
17455
17463
17471
17479
17487
17495
17503
17511
17519
17527
17535
17543
17551
17559
17567
17575
17583
17591
17599
17607
17615
17623
17631
17639
17647
17655
17663
17671
17679
17687
17695
17703
17711
17719
17727
17735
17743
17751
17759
17767
17775
17783
17791
17799
17807
17815
17823
17831
17839
17847
17855
17863
17871
17879
17887
17895
17903
17911
17919
17927
17935
17943
17951
17959
17967
17975
17983
17991
17999
18007
18015
18023
18031
18039
18047
18055
18063
18071
18079
18087
18095
18103
18111
18119
18127
18135
18143
18151
18159
18167
18175
18183
18191
18199
18207
18215
18223
18231
18239
18247
18255
18263
18271
18279
18287
18295
18303
18311
18319
18327
18335
18343
18351
18359
18367
18375
18383
18391
18399
18407
18415
18423
18431
18439
18447
18455
18463
18471
18479
18487
18495
18503
18511
18519
18527
18535
18543
18551
18559
18567
18575
18583
18591
18599
18607
18615
18623
18631
18639
18647
18655
18663
18671
18679
18687
18695
18703
18711
18719
18727
18735
18743
18751
18759
18767
18775
18783
18791
18799
18807
18815
18823
18831
18839
18847
18855
18863
18871
18879
18887
18895
18903
18911
18919
18927
18935
18943
18951
18959
18967
18975
18983
18991
18999
19007
19015
19023
19031
19039
19047
19055
19063
19071
19079
19087
19095
19103
19111
19119
19127
19135
19143
19151
19159
19167
19175
19183
19191
19199
19207
19215
19223
19231
19239
19247
19255
19263
19271
19279
19287
19295
19303
19311
19319
19327
19335
19343
19351
19359
19367
19375
19383
19391
19399
19407
19415
19423
19431
19439
19447
19455
19463
19471
19479
19487
19495
19503
19511
19519
19527
19535
19543
19551
19559
19567
19575
19583
19591
19599
19607
19615
19623
19631
19639
19647
19655
19663
19671
19679
19687
19695
19703
19711
19719
19727
19735
19743
19751
19759
19767
19775
19783
19791
19799
19807
19815
19823
19831
19839
19847
19855
19863
19871
19879
19887
19895
19903
19911
19919
19927
19935
19943
19951
19959
19967
19975
19983
19991
19999
20007
20015
20023
20031
20039
20047
20055
20063
20071
20079
20087
20095
20103
20111
20119
20127
20135
20143
20151
20159
20167
20175
20183
20191
20199
20207
20215
20223
20231
20239
20247
20255
20263
20271
20279
20287
20295
20303
20311
20319
20327
20335
20343
20351
20359
20367
20375
20383
20391
20399
20407
20415
20423
20431
20439
20447
20455
20463
20471
20479
20487
20495
20503
20511
20519
20527
20535
20543
20551
20559
20567
20575
20583
20591
20599
20607
20615
20623
20631
20639
20647
20655
20663
20671
20679
20687
20695
20703
20711
20719
20727
20735
20743
20751
20759
20767
20775
20783
20791
20799
20807
20815
20823
20831
20839
20847
20855
20863
20871
20879
20887
20895
20903
20911
20919
20927
20935
20943
20951
20959
20967
20975
20983
20991
20999
21007
21015
21023
21031
21039
21047
21055
21063
21071
21079
21087
21095
21103
21111
21119
21127
21135
21143
21151
21159
21167
21175
21183
21191
21199
21207
21215
21223
21231
21239
21247
21255
21263
21271
21279
21287
21295
21303
21311
21319
21327
21335
21343
21351
21359
21367
21375
21383
21391
21399
21407
21415
21423
21431
21439
21447
21455
21463
21471
21479
21487
21495
21503
21511
21519
21527
21535
21543
21551
21559
21567
21575
21583
21591
21599
21607
21615
21623
21631
21639
21647
21655
21663
21671
21679
21687
21695
21703
21711
21719
21727
21735
21743
21751
21759
21767
21775
21783
21791
21799
21807
21815
21823
21831
21839
21847
21855
21863
21871
21879
21887
21895
21903
21911
21919
21927
21935
21943
21951
21959
21967
21975
21983
21991
21999
22007
22015
22023
22031
22039
22047
22055
22063
22071
22079
22087
22095
22103
22111
22119
22127
22135
22143
22151
22159
22167
22175
22183
22191
22199
22207
22215
22223
22231
22239
22247
22255
22263
22271
22279
22287
22295
22303
22311
22319
22327
22335
22343
22351
22359
22367
22375
22383
22391
22399
22407
22415
22423
22431
22439
22447
22455
22463
22471
22479
22487
22495
22503
22511
22519
22527
22535
22543
22551
22559
22567
22575
22583
22591
22599
22607
22615
22623
22631
22639
22647
22655
22663
22671
22679
22687
22695
22703
22711
22719
22727
22735
22743
22751
22759
22767
22775
22783
22791
22799
22807
22815
22823
22831
22839
22847
22855
22863
22871
22879
22887
22895
22903
22911
22919
22927
22935
22943
22951
22959
22967
22975
22983
22991
22999
23007
23015
23023
23031
23039
23047
23055
23063
23071
23079
23087
23095
23103
23111
23119
23127
23135
23143
23151
23159
23167
23175
23183
23191
23199
23207
23215
23223
23231
23239
23247
23255
23263
23271
23279
23287
23295
23303
23311
23319
23327
23335
23343
23351
23359
23367
23375
23383
23391
23399
23407
23415
23423
23431
23439
23447
23455
23463
23471
23479
23487
23495
23503
23511
23519
23527
23535
23543
23551
23559
23567
23575
23583
23591
23599
23607
23615
23623
23631
23639
23647
23655
23663
23671
23679
23687
23695
23703
23711
23719
23727
23735
23743
23751
23759
23767
23775
23783
23791
23799
23807
23815
23823
23831
23839
23847
23855
23863
23871
23879
23887
23895
23903
23911
23919
23927
23935
23943
23951
23959
23967
23975
23983
23991
23999
24007
24015
24023
24031
24039
24047
24055
24063
24071
24079
24087
24095
24103
24111
24119
24127
24135
24143
24151
24159
24167
24175
24183
24191
24199
24207
24215
24223
24231
24239
24247
24255
24263
24271
24279
24287
24295
24303
24311
24319
24327
24335
24343
24351
24359
24367
24375
24383
24391
24399
24407
24415
24423
24431
24439
24447
24455
24463
24471
24479
24487
24495
24503
24511
24519
24527
24535
24543
24551
24559
24567
24575
24583
24591
24599
24607
24615
24623
24631
24639
24647
24655
24663
24671
24679
24687
24695
24703
24711
24719
24727
24735
24743
24751
24759
24767
24775
24783
24791
24799
24807
24815
24823
24831
24839
24847
24855
24863
24871
24879
24887
24895
24903
24911
24919
24927
24935
24943
24951
24959
24967
24975
24983
24991
24999
25007
25015
25023
25031
25039
25047
25055
25063
25071
25079
25087
25095
25103
25111
25119
25127
25135
25143
25151
25159
25167
25175
25183
25191
25199
25207
25215
25223
25231
25239
25247
25255
25263
25271
25279
25287
25295
25303
25311
25319
25327
25335
25343
25351
25359
25367
25375
25383
25391
25399
25407
25415
25423
25431
25439
25447
25455
25463
25471
25479
25487
25495
25503
25511
25519
25527
25535
25543
25551
25559
25567
25575
25583
25591
25599
25607
25615
25623
25631
25639
25647
25655
25663
25671
25679
25687
25695
25703
25711
25719
25727
25735
25743
25751
25759
25767
25775
25783
25791
25799
25807
25815
25823
25831
25839
25847
25855
25863
25871
25879
25887
25895
25903
25911
25919
25927
25935
25943
25951
25959
25967
25975
25983
25991
25999
26007
26015
26023
26031
26039
26047
26055
26063
26071
26079
26087
26095
26103
26111
26119
26127
26135
26143
26151
26159
26167
26175
26183
26191
26199
26207
26215
26223
26231
26239
26247
26255
26263
26271
26279
26287
26295
26303
26311
26319
26327
26335
26343
26351
26359
26367
26375
26383
26391
26399
26407
26415
26423
26431
26439
26447
26455
26463
26471
26479
26487
26495
26503
26511
26519
26527
26535
26543
26551
26559
26567
26575
26583
26591
26599
26607
26615
26623
26631
26639
26647
26655
26663
26671
26679
26687
26695
26703
26711
26719
26727
26735
26743
26751
26759
26767
26775
26783
26791
26799
26807
26815
26823
26831
26839
26847
26855
26863
26871
26879
26887
26895
26903
26911
26919
26927
26935
26943
26951
26959
26967
26975
26983
26991
26999
27007
27015
27023
27031
27039
27047
27055
27063
27071
27079
27087
27095
27103
27111
27119
27127
27135
27143
27151
27159
27167
27175
27183
27191
27199
27207
27215
27223
27231
27239
27247
27255
27263
27271
27279
27287
27295
27303
27311
27319
27327
27335
27343
27351
27359
27367
27375
27383
27391
27399
27407
27415
27423
27431
27439
27447
27455
27463
27471
27479
27487
27495
27503
27511
27519
27527
27535
27543
27551
27559
27567
27575
27583
27591
27599
27607
27615
27623
27631
27639
27647
27655
27663
27671
27679
27687
27695
27703
27711
27719
27727
27735
27743
27751
27759
27767
27775
27783
27791
27799
27807
27815
27823
27831
27839
27847
27855
27863
27871
27879
27887
27895
27903
27911
27919
27927
27935
27943
27951
27959
27967
27975
27983
27991
27999
28007
28015
28023
28031
28039
28047
28055
28063
28071
28079
28087
28095
28103
28111
28119
28127
28135
28143
28151
28159
28167
28175
28183
28191
28199
28207
28215
28223
28231
28239
28247
28255
28263
28271
28279
28287
28295
28303
28311
28319
28327
28335
28343
28351
28359
28367
28375
28383
28391
28399
28407
28415
28423
28431
28439
28447
28455
28463
28471
28479
28487
28495
28503
28511
28519
28527
28535
28543
28551
28559
28567
28575
28583
28591
28599
28607
28615
28623
28631
28639
28647
28655
28663
28671
28679
28687
28695
28703
28711
28719
28727
28735
28743
28751
28759
28767
28775
28783
28791
28799
28807
28815
28823
28831
28839
28847
28855
28863
28871
28879
28887
28895
28903
28911
28919
28927
28935
28943
28951
28959
28967
28975
28983
28991
28999
29007
29015
29023
29031
29039
29047
29055
29063
29071
29079
29087
29095
29103
29111
29119
29127
29135
29143
29151
29159
29167
29175
29183
29191
29199
29207
29215
29223
29231
29239
29247
29255
29263
29271
29279
29287
29295
29303
29311
29319
29327
29335
29343
29351
29359
29367
29375
29383
29391
29399
29407
29415
29423
29431
29439
29447
29455
29463
29471
29479
29487
29495
29503
29511
29519
29527
29535
29543
29551
29559
29567
29575
29583
29591
29599
29607
29615
29623
29631
29639
29647
29655
29663
29671
29679
29687
29695
29703
29711
29719
29727
29735
29743
29751
29759
29767
29775
29783
29791
29799
29807
29815
29823
29831
29839
29847
29855
29863
29871
29879
29887
29895
29903
29911
29919
29927
29935
29943
29951
29959
29967
29975
29983
29991
29999
30007
30015
30023
30031
30039
30047
30055
30063
30071
30079
30087
30095
30103
30111
30119
30127
30135
30143
30151
30159
30167
30175
30183
30191
30199
30207
30215
30223
30231
30239
30247
30255
30263
30271
30279
30287
30295
30303
30311
30319
30327
30335
30343
30351
30359
30367
30375
30383
30391
30399
30407
30415
30423
30431
30439
30447
30455
30463
30471
30479
30487
30495
30503
30511
30519
30527
30535
30543
30551
30559
30567
30575
30583
30591
30599
30607
30615
30623
30631
30639
30647
30655
30663
30671
30679
30687
30695
30703
30711
30719
30727
30735
30743
30751
30759
30767
30775
30783
30791
30799
30807
30815
30823
30831
30839
30847
30855
30863
30871
30879
30887
30895
30903
30911
30919
30927
30935
30943
30951
30959
30967
30975
30983
30991
30999
31007
31015
31023
31031
31039
31047
31055
31063
31071
31079
31087
31095
31103
31111
31119
31127
31135
31143
31151
31159
31167
31175
31183
31191
31199
31207
31215
31223
31231
31239
31247
31255
31263
31271
31279
31287
31295
31303
31311
31319
31327
31335
31343
31351
31359
31367
31375
31383
31391
31399
31407
31415
31423
31431
31439
31447
31455
31463
31471
31479
31487
31495
31503
31511
31519
31527
31535
31543
31551
31559
31567
31575
31583
31591
31599
31607
31615
31623
31631
31639
31647
31655
31663
31671
31679
31687
31695
31703
31711
31719
31727
31735
31743
31751
31759
31767
31775
31783
31791
31799
31807
31815
31823
31831
31839
31847
31855
31863
31871
31879
31887
31895
31903
31911
31919
31927
31935
31943
31951
31959
31967
31975
31983
31991
31999
32007
32015
32023
32031
32039
32047
32055
32063
32071
32079
32087
32095
32103
32111
32119
32127
32135
32143
32151
32159
32167
32175
32183
32191
32199
32207
32215
32223
32231
32239
32247
32255
32263
32271
32279
32287
32295
32303
32311
32319
32327
32335
32343
32351
32359
32367
32375
32383
32391
32399
32407
32415
32423
32431
32439
32447
32455
32463
32471
32479
32487
32495
32503
32511
32519
32527
32535
32543
32551
32559
32567
32575
32583
32591
32599
32607
32615
32623
32631
32639
32647
32655
32663
32671
32679
32687
32695
32703
32711
32719
32727
32735
32743
32751
32759
32767
32775
32783
32791
32799
32807
32815
32823
32831
32839
32847
32855
32863
32871
32879
32887
32895
32903
32911
32919
32927
32935
32943
32951
32959
32967
32975
32983
32991
32999
33007
33015
33023
33031
33039
33047
33055
33063
33071
33079
33087
33095
33103
33111
33119
33127
33135
33143
33151
33159
33167
33175
33183
33191
33199
33207
33215
33223
33231
33239
33247
33255
33263
33271
33279
33287
33295
33303
33311
33319
33327
33335
33343
33351
33359
33367
33375
33383
33391
33399
33407
33415
33423
33431
33439
33447
33455
33463
33471
33479
33487
33495
33503
33511
33519
33527
33535
33543
33551
33559
33567
33575
33583
33591
33599
33607
33615
33623
33631
33639
33647
33655
33663
33671
33679
33687
33695
33703
33711
33719
33727
33735
33743
33751
33759
33767
33775
33783
33791
33799
33807
33815
33823
33831
33839
33847
33855
33863
33871
33879
33887
33895
33903
33911
33919
33927
33935
33943
33951
33959
33967
33975
33983
33991
33999
34007
34015
34023
34031
34039
34047
34055
34063
34071
34079
34087
34095
34103
34111
34119
34127
34135
34143
34151
34159
34167
34175
34183
34191
34199
34207
34215
34223
34231
34239
34247
34255
34263
34271
34279
34287
34295
34303
34311
34319
34327
34335
34343
34351
34359
34367
34375
34383
34391
34399
34407
34415
34423
34431
34439
34447
34455
34463
34471
34479
34487
34495
34503
34511
34519
34527
34535
34543
34551
34559
34567
34575
34583
34591
34599
34607
34615
34623
34631
34639
34647
34655
34663
34671
34679
34687
34695
34703
34711
34719
34727
34735
34743
34751
34759
34767
34775
34783
34791
34799
34807
34815
34823
34831
34839
34847
34855
34863
34871
34879
34887
34895
34903
34911
34919
34927
34935
34943
34951
34959
34967
34975
34983
34991
34999
35007
35015
35023
35031
35039
35047
35055
35063
35071
35079
35087
35095
35103
35111
35119
35127
35135
35143
35151
35159
35167
35175
35183
35191
35199
35207
35215
35223
35231
35239
35247
35255
35263
35271
35279
35287
35295
35303
35311
35319
35327
35335
35343
35351
35359
35367
35375
35383
35391
35399
35407
35415
35423
35431
35439
35447
35455
35463
35471
35479
35487
35495
35503
35511
35519
35527
35535
35543
35551
35559
35567
35575
35583
35591
35599
35607
35615
35623
35631
35639
35647
35655
35663
35671
35679
35687
35695
35703
35711
35719
35727
35735
35743
35751
35759
35767
35775
35783
35791
35799
35807
35815
35823
35831
35839
35847
35855
35863
35871
35879
35887
35895
35903
35911
35919
35927
35935
35943
35951
35959
35967
35975
35983
35991
35999
36007
36015
36023
36031
36039
36047
36055
36063
36071
36079
36087
36095
36103
36111
36119
36127
36135
36143
36151
36159
36167
36175
36183
36191
36199
36207
36215
36223
36231
36239
36247
36255
36263
36271
36279
36287
36295
36303
36311
36319
36327
36335
36343
36351
36359
36367
36375
36383
36391
36399
36407
36415
36423
36431
36439
36447
36455
36463
36471
36479
36487
36495
36503
36511
36519
36527
36535
36543
36551
36559
36567
36575
36583
36591
36599
36607
36615
36623
36631
36639
36647
36655
36663
36671
36679
36687
36695
36703
36711
36719
36727
36735
36743
36751
36759
36767
36775
36783
36791
36799
36807
36815
36823
36831
36839
36847
36855
36863
36871
36879
36887
36895
36903
36911
36919
36927
36935
36943
36951
36959
36967
36975
36983
36991
36999
37007
37015
37023
37031
37039
37047
37055
37063
37071
37079
37087
37095
37103
37111
37119
37127
37135
37143
37151
37159
37167
37175
37183
37191
37199
37207
37215
37223
37231
37239
37247
37255
37263
37271
37279
37287
37295
37303
37311
37319
37327
37335
37343
37351
37359
37367
37375
37383
37391
37399
37407
37415
37423
37431
37439
37447
37455
37463
37471
37479
37487
37495
37503
37511
37519
37527
37535
37543
37551
37559
37567
37575
37583
37591
37599
37607
37615
37623
37631
37639
37647
37655
37663
37671
37679
37687
37695
37703
37711
37719
37727
37735
37743
37751
37759
37767
37775
37783
37791
37799
37807
37815
37823
37831
37839
37847
37855
37863
37871
37879
37887
37895
37903
37911
37919
37927
37935
37943
37951
37959
37967
37975
37983
37991
37999
38007
38015
38023
38031
38039
38047
38055
38063
38071
38079
38087
38095
38103
38111
38119
38127
38135
38143
38151
38159
38167
38175
38183
38191
38199
38207
38215
38223
38231
38239
38247
38255
38263
38271
38279
38287
38295
38303
38311
38319
38327
38335
38343
38351
38359
38367
38375
38383
38391
38399
38407
38415
38423
38431
38439
38447
38455
38463
38471
38479
38487
38495
38503
38511
38519
38527
38535
38543
38551
38559
38567
38575
38583
38591
38599
38607
38615
38623
38631
38639
38647
38655
38663
38671
38679
38687
38695
38703
38711
38719
38727
38735
38743
38751
38759
38767
38775
38783
38791
38799
38807
38815
38823
38831
38839
38847
38855
38863
38871
38879
38887
38895
38903
38911
38919
38927
38935
38943
38951
38959
38967
38975
38983
38991
38999
39007
39015
39023
39031
39039
39047
39055
39063
39071
39079
39087
39095
39103
39111
39119
39127
39135
39143
39151
39159
39167
39175
39183
39191
39199
39207
39215
39223
39231
39239
39247
39255
39263
39271
39279
39287
39295
39303
39311
39319
39327
39335
39343
39351
39359
39367
39375
39383
39391
39399
39407
39415
39423
39431
39439
39447
39455
39463
39471
39479
39487
39495
39503
39511
39519
39527
39535
39543
39551
39559
39567
39575
39583
39591
39599
39607
39615
39623
39631
39639
39647
39655
39663
39671
39679
39687
39695
39703
39711
39719
39727
39735
39743
39751
39759
39767
39775
39783
39791
39799
39807
39815
39823
39831
39839
39847
39855
39863
39871
39879
39887
39895
39903
39911
39919
39927
39935
39943
39951
39959
39967
39975
39983
39991
39999
40007
40015
40023
40031
40039
40047
40055
40063
40071
40079
40087
40095
40103
40111
40119
40127
40135
40143
40151
40159
40167
40175
40183
40191
40199
40207
40215
40223
40231
40239
40247
40255
40263
40271
40279
40287
40295
40303
40311
40319
40327
40335
40343
40351
40359
40367
40375
40383
40391
40399
40407
40415
40423
40431
40439
40447
40455
40463
40471
40479
40487
40495
40503
40511
40519
40527
40535
40543
40551
40559
40567
40575
40583
40591
40599
40607
40615
40623
40631
40639
40647
40655
40663
40671
40679
40687
40695
40703
40711
40719
40727
40735
40743
40751
40759
40767
40775
40783
40791
40799
40807
40815
40823
40831
40839
40847
40855
40863
40871
40879
40887
40895
40903
40911
40919
40927
40935
40943
40951
40959
40967
40975
40983
40991
40999
41007
41015
41023
41031
41039
41047
41055
41063
41071
41079
41087
41095
41103
41111
41119
41127
41135
41143
41151
41159
41167
41175
41183
41191
41199
41207
41215
41223
41231
41239
41247
41255
41263
41271
41279
41287
41295
41303
41311
41319
41327
41335
41343
41351
41359
41367
41375
41383
41391
41399
41407
41415
41423
41431
41439
41447
41455
41463
41471
41479
41487
41495
41503
41511
41519
41527
41535
41543
41551
41559
41567
41575
41583
41591
41599
41607
41615
41623
41631
41639
41647
41655
41663
41671
41679
41687
41695
41703
41711
41719
41727
41735
41743
41751
41759
41767
41775
41783
41791
41799
41807
41815
41823
41831
41839
41847
41855
41863
41871
41879
41887
41895
41903
41911
41919
41927
41935
41943
41951
41959
41967
41975
41983
41991
41999
42007
42015
42023
42031
42039
42047
42055
42063
42071
42079
42087
42095
42103
42111
42119
42127
42135
42143
42151
42159
42167
42175
42183
42191
42199
42207
42215
42223
42231
42239
42247
42255
42263
42271
42279
42287
42295
42303
42311
42319
42327
42335
42343
42351
42359
42367
42375
42383
42391
42399
42407
42415
42423
42431
42439
42447
42455
42463
42471
42479
42487
42495
42503
42511
42519
42527
42535
42543
42551
42559
42567
42575
42583
42591
42599
42607
42615
42623
42631
42639
42647
42655
42663
42671
42679
42687
42695
42703
42711
42719
42727
42735
42743
42751
42759
42767
42775
42783
42791
42799
42807
42815
42823
42831
42839
42847
42855
42863
42871
42879
42887
42895
42903
42911
42919
42927
42935
42943
42951
42959
42967
42975
42983
42991
42999
43007
43015
43023
43031
43039
43047
43055
43063
43071
43079
43087
43095
43103
43111
43119
43127
43135
43143
43151
43159
43167
43175
43183
43191
43199
43207
43215
43223
43231
43239
43247
43255
43263
43271
43279
43287
43295
43303
43311
43319
43327
43335
43343
43351
43359
43367
43375
43383
43391
43399
43407
43415
43423
43431
43439
43447
43455
43463
43471
43479
43487
43495
43503
43511
43519
43527
43535
43543
43551
43559
43567
43575
43583
43591
43599
43607
43615
43623
43631
43639
43647
43655
43663
43671
43679
43687
43695
43703
43711
43719
43727
43735
43743
43751
43759
43767
43775
43783
43791
43799
43807
43815
43823
43831
43839
43847
43855
43863
43871
43879
43887
43895
43903
43911
43919
43927
43935
43943
43951
43959
43967
43975
43983
43991
43999
44007
44015
44023
44031
44039
44047
44055
44063
44071
44079
44087
44095
44103
44111
44119
44127
44135
44143
44151
44159
44167
44175
44183
44191
44199
44207
44215
44223
44231
44239
44247
44255
44263
44271
44279
44287
44295
44303
44311
44319
44327
44335
44343
44351
44359
44367
44375
44383
44391
44399
44407
44415
44423
44431
44439
44447
44455
44463
44471
44479
44487
44495
44503
44511
44519
44527
44535
44543
44551
44559
44567
44575
44583
44591
44599
44607
44615
44623
44631
44639
44647
44655
44663
44671
44679
44687
44695
44703
44711
44719
44727
44735
44743
44751
44759
44767
44775
44783
44791
44799
44807
44815
44823
44831
44839
44847
44855
44863
44871
44879
44887
44895
44903
44911
44919
44927
44935
44943
44951
44959
44967
44975
44983
44991
44999
45007
45015
45023
45031
45039
45047
45055
45063
45071
45079
45087
45095
45103
45111
45119
45127
45135
45143
45151
45159
45167
45175
45183
45191
45199
45207
45215
45223
45231
45239
45247
45255
45263
45271
45279
45287
45295
45303
45311
45319
45327
45335
45343
45351
45359
45367
45375
45383
45391
45399
45407
45415
45423
45431
45439
45447
45455
45463
45471
45479
45487
45495
45503
45511
45519
45527
45535
45543
45551
45559
45567
45575
45583
45591
45599
45607
45615
45623
45631
45639
45647
45655
45663
45671
45679
45687
45695
45703
45711
45719
45727
45735
45743
45751
45759
45767
45775
45783
45791
45799
45807
45815
45823
45831
45839
45847
45855
45863
45871
45879
45887
45895
45903
45911
45919
45927
45935
45943
45951
45959
45967
45975
45983
45991
45999
46007
46015
46023
46031
46039
46047
46055
46063
46071
46079
46087
46095
46103
46111
46119
46127
46135
46143
46151
46159
46167
46175
46183
46191
46199
46207
46215
46223
46231
46239
46247
46255
46263
46271
46279
46287
46295
46303
46311
46319
46327
46335
46343
46351
46359
46367
46375
46383
46391
46399
46407
46415
46423
46431
46439
46447
46455
46463
46471
46479
46487
46495
46503
46511
46519
46527
46535
46543
46551
46559
46567
46575
46583
46591
46599
46607
46615
46623
46631
46639
46647
46655
46663
46671
46679
46687
46695
46703
46711
46719
46727
46735
46743
46751
46759
46767
46775
46783
46791
46799
46807
46815
46823
46831
46839
46847
46855
46863
46871
46879
46887
46895
46903
46911
46919
46927
46935
46943
46951
46959
46967
46975
46983
46991
46999
47007
47015
47023
47031
47039
47047
47055
47063
47071
47079
47087
47095
47103
47111
47119
47127
47135
47143
47151
47159
47167
47175
47183
47191
47199
47207
47215
47223
47231
47239
47247
47255
47263
47271
47279
47287
47295
47303
47311
47319
47327
47335
47343
47351
47359
47367
47375
47383
47391
47399
47407
47415
47423
47431
47439
47447
47455
47463
47471
47479
47487
47495
47503
47511
47519
47527
47535
47543
47551
47559
47567
47575
47583
47591
47599
47607
47615
47623
47631
47639
47647
47655
47663
47671
47679
47687
47695
47703
47711
47719
47727
47735
47743
47751
47759
47767
47775
47783
47791
47799
47807
47815
47823
47831
47839
47847
47855
47863
47871
47879
47887
47895
47903
47911
47919
47927
47935
47943
47951
47959
47967
47975
47983
47991
47999
48007
48015
48023
48031
48039
48047
48055
48063
48071
48079
48087
48095
48103
48111
48119
48127
48135
48143
48151
48159
48167
48175
48183
48191
48199
48207
48215
48223
48231
48239
48247
48255
48263
48271
48279
48287
48295
48303
48311
48319
48327
48335
48343
48351
48359
48367
48375
48383
48391
48399
48407
48415
48423
48431
48439
48447
48455
48463
48471
48479
48487
48495
48503
48511
48519
48527
48535
48543
48551
48559
48567
48575
48583
48591
48599
48607
48615
48623
48631
48639
48647
48655
48663
48671
48679
48687
48695
48703
48711
48719
48727
48735
48743
48751
48759
48767
48775
48783
48791
48799
48807
48815
48823
48831
48839
48847
48855
48863
48871
48879
48887
48895
48903
48911
48919
48927
48935
48943
48951
48959
48967
48975
48983
48991
48999
49007
49015
49023
49031
49039
49047
49055
49063
49071
49079
49087
49095
49103
49111
49119
49127
49135
49143
49151
49159
49167
49175
49183
49191
49199
49207
49215
49223
49231
49239
49247
49255
49263
49271
49279
49287
49295
49303
49311
49319
49327
49335
49343
49351
49359
49367
49375
49383
49391
49399
49407
49415
49423
49431
49439
49447
49455
49463
49471
49479
49487
49495
49503
49511
49519
49527
49535
49543
49551
49559
49567
49575
49583
49591
49599
49607
49615
49623
49631
49639
49647
49655
49663
49671
49679
49687
49695
49703
49711
49719
49727
49735
49743
49751
49759
49767
49775
49783
49791
49799
49807
49815
49823
49831
49839
49847
49855
49863
49871
49879
49887
49895
49903
49911
49919
49927
49935
49943
49951
49959
49967
49975
49983
49991
49999
50007
50015
50023
50031
50039
50047
50055
50063
50071
50079
50087
50095
50103
50111
50119
50127
50135
50143
50151
50159
50167
50175
50183
50191
50199
50207
50215
50223
50231
50239
50247
50255
50263
50271
50279
50287
50295
50303
50311
50319
50327
50335
50343
50351
50359
50367
50375
50383
50391
50399
50407
50415
50423
50431
50439
50447
50455
50463
50471
50479
50487
50495
50503
50511
50519
50527
50535
50543
50551
50559
50567
50575
50583
50591
50599
50607
50615
50623
50631
50639
50647
50655
50663
50671
50679
50687
50695
50703
50711
50719
50727
50735
50743
50751
50759
50767
50775
50783
50791
50799
50807
50815
50823
50831
50839
50847
50855
50863
50871
50879
50887
50895
50903
50911
50919
50927
50935
50943
50951
50959
50967
50975
50983
50991
50999
51007
51015
51023
51031
51039
51047
51055
51063
51071
51079
51087
51095
51103
51111
51119
51127
51135
51143
51151
51159
51167
51175
51183
51191
51199
51207
51215
51223
51231
51239
51247
51255
51263
51271
51279
51287
51295
51303
51311
51319
51327
51335
51343
51351
51359
51367
51375
51383
51391
51399
51407
51415
51423
51431
51439
51447
51455
51463
51471
51479
51487
51495
51503
51511
51519
51527
51535
51543
51551
51559
51567
51575
51583
51591
51599
51607
51615
51623
51631
51639
51647
51655
51663
51671
51679
51687
51695
51703
51711
51719
51727
51735
51743
51751
51759
51767
51775
51783
51791
51799
51807
51815
51823
51831
51839
51847
51855
51863
51871
51879
51887
51895
51903
51911
51919
51927
51935
51943
51951
51959
51967
51975
51983
51991
51999
52007
52015
52023
52031
52039
52047
52055
52063
52071
52079
52087
52095
52103
52111
52119
52127
52135
52143
52151
52159
52167
52175
52183
52191
52199
52207
52215
52223
52231
52239
52247
52255
52263
52271
52279
52287
52295
52303
52311
52319
52327
52335
52343
52351
52359
52367
52375
52383
52391
52399
52407
52415
52423
52431
52439
52447
52455
52463
52471
52479
52487
52495
52503
52511
52519
52527
52535
52543
52551
52559
52567
52575
52583
52591
52599
52607
52615
52623
52631
52639
52647
52655
52663
52671
52679
52687
52695
52703
52711
52719
52727
52735
52743
52751
52759
52767
52775
52783
52791
52799
52807
52815
52823
52831
52839
52847
52855
52863
52871
52879
52887
52895
52903
52911
52919
52927
52935
52943
52951
52959
52967
52975
52983
52991
52999
53007
53015
53023
53031
53039
53047
53055
53063
53071
53079
53087
53095
53103
53111
53119
53127
53135
53143
53151
53159
53167
53175
53183
53191
53199
53207
53215
53223
53231
53239
53247
53255
53263
53271
53279
53287
53295
53303
53311
53319
53327
53335
53343
53351
53359
53367
53375
53383
53391
53399
53407
53415
53423
53431
53439
53447
53455
53463
53471
53479
53487
53495
53503
53511
53519
53527
53535
53543
53551
53559
53567
53575
53583
53591
53599
53607
53615
53623
53631
53639
53647
53655
53663
53671
53679
53687
53695
53703
53711
53719
53727
53735
53743
53751
53759
53767
53775
53783
53791
53799
53807
53815
53823
53831
53839
53847
53855
53863
53871
53879
53887
53895
53903
53911
53919
53927
53935
53943
53951
53959
53967
53975
53983
53991
53999
54007
54015
54023
54031
54039
54047
54055
54063
54071
54079
54087
54095
54103
54111
54119
54127
54135
54143
54151
54159
54167
54175
54183
54191
54199
54207
54215
54223
54231
54239
54247
54255
54263
54271
54279
54287
54295
54303
54311
54319
54327
54335
54343
54351
54359
54367
54375
54383
54391
54399
54407
54415
54423
54431
54439
54447
54455
54463
54471
54479
54487
54495
54503
54511
54519
54527
54535
54543
54551
54559
54567
54575
54583
54591
54599
54607
54615
54623
54631
54639
54647
54655
54663
54671
54679
54687
54695
54703
54711
54719
54727
54735
54743
54751
54759
54767
54775
54783
54791
54799
54807
54815
54823
54831
54839
54847
54855
54863
54871
54879
54887
54895
54903
54911
54919
54927
54935
54943
54951
54959
54967
54975
54983
54991
54999
55007
55015
55023
55031
55039
55047
55055
55063
55071
55079
55087
55095
55103
55111
55119
55127
55135
55143
55151
55159
55167
55175
55183
55191
55199
55207
55215
55223
55231
55239
55247
55255
55263
55271
55279
55287
55295
55303
55311
55319
55327
55335
55343
55351
55359
55367
55375
55383
55391
55399
55407
55415
55423
55431
55439
55447
55455
55463
55471
55479
55487
55495
55503
55511
55519
55527
55535
55543
55551
55559
55567
55575
55583
55591
55599
55607
55615
55623
55631
55639
55647
55655
55663
55671
55679
55687
55695
55703
55711
55719
55727
55735
55743
55751
55759
55767
55775
55783
55791
55799
55807
55815
55823
55831
55839
55847
55855
55863
55871
55879
55887
55895
55903
55911
55919
55927
55935
55943
55951
55959
55967
55975
55983
55991
55999
56007
56015
56023
56031
56039
56047
56055
56063
56071
56079
56087
56095
56103
56111
56119
56127
56135
56143
56151
56159
56167
56175
56183
56191
56199
56207
56215
56223
56231
56239
56247
56255
56263
56271
56279
56287
56295
56303
56311
56319
56327
56335
56343
56351
56359
56367
56375
56383
56391
56399
56407
56415
56423
56431
56439
56447
56455
56463
56471
56479
56487
56495
56503
56511
56519
56527
56535
56543
56551
56559
56567
56575
56583
56591
56599
56607
56615
56623
56631
56639
56647
56655
56663
56671
56679
56687
56695
56703
56711
56719
56727
56735
56743
56751
56759
56767
56775
56783
56791
56799
56807
56815
56823
56831
56839
56847
56855
56863
56871
56879
56887
56895
56903
56911
56919
56927
56935
56943
56951
56959
56967
56975
56983
56991
56999
57007
57015
57023
57031
57039
57047
57055
57063
57071
57079
57087
57095
57103
57111
57119
57127
57135
57143
57151
57159
57167
57175
57183
57191
57199
57207
57215
57223
57231
57239
57247
57255
57263
57271
57279
57287
57295
57303
57311
57319
57327
57335
57343
57351
57359
57367
57375
57383
57391
57399
57407
57415
57423
57431
57439
57447
57455
57463
57471
57479
57487
57495
57503
57511
57519
57527
57535
57543
57551
57559
57567
57575
57583
57591
57599
57607
57615
57623
57631
57639
57647
57655
57663
57671
57679
57687
57695
57703
57711
57719
57727
57735
57743
57751
57759
57767
57775
57783
57791
57799
57807
57815
57823
57831
57839
57847
57855
57863
57871
57879
57887
57895
57903
57911
57919
57927
57935
57943
57951
57959
57967
57975
57983
57991
57999
58007
58015
58023
58031
58039
58047
58055
58063
58071
58079
58087
58095
58103
58111
58119
58127
58135
58143
58151
58159
58167
58175
58183
58191
58199
58207
58215
58223
58231
58239
58247
58255
58263
58271
58279
58287
58295
58303
58311
58319
58327
58335
58343
58351
58359
58367
58375
58383
58391
58399
58407
58415
58423
58431
58439
58447
58455
58463
58471
58479
58487
58495
58503
58511
58519
58527
58535
58543
58551
58559
58567
58575
58583
58591
58599
58607
58615
58623
58631
58639
58647
58655
58663
58671
58679
58687
58695
58703
58711
58719
58727
58735
58743
58751
58759
58767
58775
58783
58791
58799
58807
58815
58823
58831
58839
58847
58855
58863
58871
58879
58887
58895
58903
58911
58919
58927
58935
58943
58951
58959
58967
58975
58983
58991
58999
59007
59015
59023
59031
59039
59047
59055
59063
59071
59079
59087
59095
59103
59111
59119
59127
59135
59143
59151
59159
59167
59175
59183
59191
59199
59207
59215
59223
59231
59239
59247
59255
59263
59271
59279
59287
59295
59303
59311
59319
59327
59335
59343
59351
59359
59367
59375
59383
59391
59399
59407
59415
59423
59431
59439
59447
59455
59463
59471
59479
59487
59495
59503
59511
59519
59527
59535
59543
59551
59559
59567
59575
59583
59591
59599
59607
59615
59623
59631
59639
59647
59655
59663
59671
59679
59687
59695
59703
59711
59719
59727
59735
59743
59751
59759
59767
59775
59783
59791
59799
59807
59815
59823
59831
59839
59847
59855
59863
59871
59879
59887
59895
59903
59911
59919
59927
59935
59943
59951
59959
59967
59975
59983
59991
59999
60007
60015
60023
60031
60039
60047
60055
60063
60071
60079
60087
60095
60103
60111
60119
60127
60135
60143
60151
60159
60167
60175
60183
60191
60199
60207
60215
60223
60231
60239
60247
60255
60263
60271
60279
60287
60295
60303
60311
60319
60327
60335
60343
60351
60359
60367
60375
60383
60391
60399
60407
60415
60423
60431
60439
60447
60455
60463
60471
60479
60487
60495
60503
60511
60519
60527
60535
60543
60551
60559
60567
60575
60583
60591
60599
60607
60615
60623
60631
60639
60647
60655
60663
60671
60679
60687
60695
60703
60711
60719
60727
60735
60743
60751
60759
60767
60775
60783
60791
60799
60807
60815
60823
60831
60839
60847
60855
60863
60871
60879
60887
60895
60903
60911
60919
60927
60935
60943
60951
60959
60967
60975
60983
60991
60999
61007
61015
61023
61031
61039
61047
61055
61063
61071
61079
61087
61095
61103
61111
61119
61127
61135
61143
61151
61159
61167
61175
61183
61191
61199
61207
61215
61223
61231
61239
61247
61255
61263
61271
61279
61287
61295
61303
61311
61319
61327
61335
61343
61351
61359
61367
61375
61383
61391
61399
61407
61415
61423
61431
61439
61447
61455
61463
61471
61479
61487
61495
61503
61511
61519
61527
61535
61543
61551
61559
61567
61575
61583
61591
61599
61607
61615
61623
61631
61639
61647
61655
61663
61671
61679
61687
61695
61703
61711
61719
61727
61735
61743
61751
61759
61767
61775
61783
61791
61799
61807
61815
61823
61831
61839
61847
61855
61863
61871
61879
61887
61895
61903
61911
61919
61927
61935
61943
61951
61959
61967
61975
61983
61991
61999
62007
62015
62023
62031
62039
62047
62055
62063
62071
62079
62087
62095
62103
62111
62119
62127
62135
62143
62151
62159
62167
62175
62183
62191
62199
62207
62215
62223
62231
62239
62247
62255
62263
62271
62279
62287
62295
62303
62311
62319
62327
62335
62343
62351
62359
62367
62375
62383
62391
62399
62407
62415
62423
62431
62439
62447
62455
62463
62471
62479
62487
62495
62503
62511
62519
62527
62535
62543
62551
62559
62567
62575
62583
62591
62599
62607
62615
62623
62631
62639
62647
62655
62663
62671
62679
62687
62695
62703
62711
62719
62727
62735
62743
62751
62759
62767
62775
62783
62791
62799
62807
62815
62823
62831
62839
62847
62855
62863
62871
62879
62887
62895
62903
62911
62919
62927
62935
62943
62951
62959
62967
62975
62983
62991
62999
63007
63015
63023
63031
63039
63047
63055
63063
63071
63079
63087
63095
63103
63111
63119
63127
63135
63143
63151
63159
63167
63175
63183
63191
63199
63207
63215
63223
63231
63239
63247
63255
63263
63271
63279
63287
63295
63303
63311
63319
63327
63335
63343
63351
63359
63367
63375
63383
63391
63399
63407
63415
63423
63431
63439
63447
63455
63463
63471
63479
63487
63495
63503
63511
63519
63527
63535
63543
63551
63559
63567
63575
63583
63591
63599
63607
63615
63623
63631
63639
63647
63655
63663
63671
63679
63687
63695
63703
63711
63719
63727
63735
63743
63751
63759
63767
63775
63783
63791
63799
63807
63815
63823
63831
63839
63847
63855
63863
63871
63879
63887
63895
63903
63911
63919
63927
63935
63943
63951
63959
63967
63975
63983
63991
63999
64007
64015
64023
64031
64039
64047
64055
64063
64071
64079
64087
64095
64103
64111
64119
64127
64135
64143
64151
64159
64167
64175
64183
64191
64199
64207
64215
64223
64231
64239
64247
64255
64263
64271
64279
64287
64295
64303
64311
64319
64327
64335
64343
64351
64359
64367
64375
64383
64391
64399
64407
64415
64423
64431
64439
64447
64455
64463
64471
64479
64487
64495
64503
64511
64519
64527
64535
64543
64551
64559
64567
64575
64583
64591
64599
64607
64615
64623
64631
64639
64647
64655
64663
64671
64679
64687
64695
64703
64711
64719
64727
64735
64743
64751
64759
64767
64775
64783
64791
64799
64807
64815
64823
64831
64839
64847
64855
64863
64871
64879
64887
64895
64903
64911
64919
64927
64935
64943
64951
64959
64967
64975
64983
64991
64999
65007
65015
65023
65031
65039
65047
65055
65063
65071
65079
65087
65095
65103
65111
65119
65127
65135
65143
65151
65159
65167
65175
65183
65191
65199
65207
65215
65223
65231
65239
65247
65255
65263
65271
65279
65287
65295
65303
65311
65319
65327
65335
65343
65351
65359
65367
65375
65383
65391
65399
65407
65415
65423
65431
65439
65447
65455
65463
65471
65479
65487
65495
65503
65511
65519
65527
65535
65543
65551
65559
65567
65575
65583
65591
65599
65607
65615
65623
65631
65639
65647
65655
65663
65671
65679
65687
65695
65703
65711
65719
65727
65735
65743
65751
65759
65767
65775
65783
65791
65799
65807
65815
65823
65831
65839
65847
65855
65863
65871
65879
65887
65895
65903
65911
65919
65927
65935
65943
65951
65959
65967
65975
65983
65991
65999
66007
66015
66023
66031
66039
66047
66055
66063
66071
66079
66087
66095
66103
66111
66119
66127
66135
66143
66151
66159
66167
66175
66183
66191
66199
66207
66215
66223
66231
66239
66247
66255
66263
66271
66279
66287
66295
66303
66311
66319
66327
66335
66343
66351
66359
66367
66375
66383
66391
66399
66407
66415
66423
66431
66439
66447
66455
66463
66471
66479
66487
66495
66503
66511
66519
66527
66535
66543
66551
66559
66567
66575
66583
66591
66599
66607
66615
66623
66631
66639
66647
66655
66663
66671
66679
66687
66695
66703
66711
66719
66727
66735
66743
66751
66759
66767
66775
66783
66791
66799
66807
66815
66823
66831
66839
66847
66855
66863
66871
66879
66887
66895
66903
66911
66919
66927
66935
66943
66951
66959
66967
66975
66983
66991
66999
67007
67015
67023
67031
67039
67047
67055
67063
67071
67079
67087
67095
67103
67111
67119
67127
67135
67143
67151
67159
67167
67175
67183
67191
67199
67207
67215
67223
67231
67239
67247
67255
67263
67271
67279
67287
67295
67303
67311
67319
67327
67335
67343
67351
67359
67367
67375
67383
67391
67399
67407
67415
67423
67431
67439
67447
67455
67463
67471
67479
67487
67495
67503
67511
67519
67527
67535
67543
67551
67559
67567
67575
67583
67591
67599
67607
67615
67623
67631
67639
67647
67655
67663
67671
67679
67687
67695
67703
67711
67719
67727
67735
67743
67751
67759
67767
67775
67783
67791
67799
67807
67815
67823
67831
67839
67847
67855
67863
67871
67879
67887
67895
67903
67911
67919
67927
67935
67943
67951
67959
67967
67975
67983
67991
67999
68007
68015
68023
68031
68039
68047
68055
68063
68071
68079
68087
68095
68103
68111
68119
68127
68135
68143
68151
68159
68167
68175
68183
68191
68199
68207
68215
68223
68231
68239
68247
68255
68263
68271
68279
68287
68295
68303
68311
68319
68327
68335
68343
68351
68359
68367
68375
68383
68391
68399
68407
68415
68423
68431
68439
68447
68455
68463
68471
68479
68487
68495
68503
68511
68519
68527
68535
68543
68551
68559
68567
68575
68583
68591
68599
68607
68615
68623
68631
68639
68647
68655
68663
68671
68679
68687
68695
68703
68711
68719
68727
68735
68743
68751
68759
68767
68775
68783
68791
68799
68807
68815
68823
68831
68839
68847
68855
68863
68871
68879
68887
68895
68903
68911
68919
68927
68935
68943
68951
68959
68967
68975
68983
68991
68999
69007
69015
69023
69031
69039
69047
69055
69063
69071
69079
69087
69095
69103
69111
69119
69127
69135
69143
69151
69159
69167
69175
69183
69191
69199
69207
69215
69223
69231
69239
69247
69255
69263
69271
69279
69287
69295
69303
69311
69319
69327
69335
69343
69351
69359
69367
69375
69383
69391
69399
69407
69415
69423
69431
69439
69447
69455
69463
69471
69479
69487
69495
69503
69511
69519
69527
69535
69543
69551
69559
69567
69575
69583
69591
69599
69607
69615
69623
69631
69639
69647
69655
69663
69671
69679
69687
69695
69703
69711
69719
69727
69735
69743
69751
69759
69767
69775
69783
69791
69799
69807
69815
69823
69831
69839
69847
69855
69863
69871
69879
69887
69895
69903
69911
69919
69927
69935
69943
69951
69959
69967
69975
69983
69991
69999
70007
70015
70023
70031
70039
70047
70055
70063
70071
70079
70087
70095
70103
70111
70119
70127
70135
70143
70151
70159
70167
70175
70183
70191
70199
70207
70215
70223
70231
70239
70247
70255
70263
70271
70279
70287
70295
70303
70311
70319
70327
70335
70343
70351
70359
70367
70375
70383
70391
70399
70407
70415
70423
70431
70439
70447
70455
70463
70471
70479
70487
70495
70503
70511
70519
70527
70535
70543
70551
70559
70567
70575
70583
70591
70599
70607
70615
70623
70631
70639
70647
70655
70663
70671
70679
70687
70695
70703
70711
70719
70727
70735
70743
70751
70759
70767
70775
70783
70791
70799
70807
70815
70823
70831
70839
70847
70855
70863
70871
70879
70887
70895
70903
70911
70919
70927
70935
70943
70951
70959
70967
70975
70983
70991
70999
71007
71015
71023
71031
71039
71047
71055
71063
71071
71079
71087
71095
71103
71111
71119
71127
71135
71143
71151
71159
71167
71175
71183
71191
71199
71207
71215
71223
71231
71239
71247
71255
71263
71271
71279
71287
71295
71303
71311
71319
71327
71335
71343
71351
71359
71367
71375
71383
71391
71399
71407
71415
71423
71431
71439
71447
71455
71463
71471
71479
71487
71495
71503
71511
71519
71527
71535
71543
71551
71559
71567
71575
71583
71591
71599
71607
71615
71623
71631
71639
71647
71655
71663
71671
71679
71687
71695
71703
71711
71719
71727
71735
71743
71751
71759
71767
71775
71783
71791
71799
71807
71815
71823
71831
71839
71847
71855
71863
71871
71879
71887
71895
71903
71911
71919
71927
71935
71943
71951
71959
71967
71975
71983
71991
71999
72007
72015
72023
72031
72039
72047
72055
72063
72071
72079
72087
72095
72103
72111
72119
72127
72135
72143
72151
72159
72167
72175
72183
72191
72199
72207
72215
72223
72231
72239
72247
72255
72263
72271
72279
72287
72295
72303
72311
72319
72327
72335
72343
72351
72359
72367
72375
72383
72391
72399
72407
72415
72423
72431
72439
72447
72455
72463
72471
72479
72487
72495
72503
72511
72519
72527
72535
72543
72551
72559
72567
72575
72583
72591
72599
72607
72615
72623
72631
72639
72647
72655
72663
72671
72679
72687
72695
72703
72711
72719
72727
72735
72743
72751
72759
72767
72775
72783
72791
72799
72807
72815
72823
72831
72839
72847
72855
72863
72871
72879
72887
72895
72903
72911
72919
72927
72935
72943
72951
72959
72967
72975
72983
72991
72999
73007
73015
73023
73031
73039
73047
73055
73063
73071
73079
73087
73095
73103
73111
73119
73127
73135
73143
73151
73159
73167
73175
73183
73191
73199
73207
73215
73223
73231
73239
73247
73255
73263
73271
73279
73287
73295
73303
73311
73319
73327
73335
73343
73351
73359
73367
73375
73383
73391
73399
73407
73415
73423
73431
73439
73447
73455
73463
73471
73479
73487
73495
73503
73511
73519
73527
73535
73543
73551
73559
73567
73575
73583
73591
73599
73607
73615
73623
73631
73639
73647
73655
73663
73671
73679
73687
73695
73703
73711
73719
73727
73735
73743
73751
73759
73767
73775
73783
73791
73799
73807
73815
73823
73831
73839
73847
73855
73863
73871
73879
73887
73895
73903
73911
73919
73927
73935
73943
73951
73959
73967
73975
73983
73991
73999
74007
74015
74023
74031
74039
74047
74055
74063
74071
74079
74087
74095
74103
74111
74119
74127
74135
74143
74151
74159
74167
74175
74183
74191
74199
74207
74215
74223
74231
74239
74247
74255
74263
74271
74279
74287
74295
74303
74311
74319
74327
74335
74343
74351
74359
74367
74375
74383
74391
74399
74407
74415
74423
74431
74439
74447
74455
74463
74471
74479
74487
74495
74503
74511
74519
74527
74535
74543
74551
74559
74567
74575
74583
74591
74599
74607
74615
74623
74631
74639
74647
74655
74663
74671
74679
74687
74695
74703
74711
74719
74727
74735
74743
74751
74759
74767
74775
74783
74791
74799
74807
74815
74823
74831
74839
74847
74855
74863
74871
74879
74887
74895
74903
74911
74919
74927
74935
74943
74951
74959
74967
74975
74983
74991
74999
75007
75015
75023
75031
75039
75047
75055
75063
75071
75079
75087
75095
75103
75111
75119
75127
75135
75143
75151
75159
75167
75175
75183
75191
75199
75207
75215
75223
75231
75239
75247
75255
75263
75271
75279
75287
75295
75303
75311
75319
75327
75335
75343
75351
75359
75367
75375
75383
75391
75399
75407
75415
75423
75431
75439
75447
75455
75463
75471
75479
75487
75495
75503
75511
75519
75527
75535
75543
75551
75559
75567
75575
75583
75591
75599
75607
75615
75623
75631
75639
75647
75655
75663
75671
75679
75687
75695
75703
75711
75719
75727
75735
75743
75751
75759
75767
75775
75783
75791
75799
75807
75815
75823
75831
75839
75847
75855
75863
75871
75879
75887
75895
75903
75911
75919
75927
75935
75943
75951
75959
75967
75975
75983
75991
75999
76007
76015
76023
76031
76039
76047
76055
76063
76071
76079
76087
76095
76103
76111
76119
76127
76135
76143
76151
76159
76167
76175
76183
76191
76199
76207
76215
76223
76231
76239
76247
76255
76263
76271
76279
76287
76295
76303
76311
76319
76327
76335
76343
76351
76359
76367
76375
76383
76391
76399
76407
76415
76423
76431
76439
76447
76455
76463
76471
76479
76487
76495
76503
76511
76519
76527
76535
76543
76551
76559
76567
76575
76583
76591
76599
76607
76615
76623
76631
76639
76647
76655
76663
76671
76679
76687
76695
76703
76711
76719
76727
76735
76743
76751
76759
76767
76775
76783
76791
76799
76807
76815
76823
76831
76839
76847
76855
76863
76871
76879
76887
76895
76903
76911
76919
76927
76935
76943
76951
76959
76967
76975
76983
76991
76999
77007
77015
77023
77031
77039
77047
77055
77063
77071
77079
77087
77095
77103
77111
77119
77127
77135
77143
77151
77159
77167
77175
77183
77191
77199
77207
77215
77223
77231
77239
77247
77255
77263
77271
77279
77287
77295
77303
77311
77319
77327
77335
77343
77351
77359
77367
77375
77383
77391
77399
77407
77415
77423
77431
77439
77447
77455
77463
77471
77479
77487
77495
77503
77511
77519
77527
77535
77543
77551
77559
77567
77575
77583
77591
77599
77607
77615
77623
77631
77639
77647
77655
77663
77671
77679
77687
77695
77703
77711
77719
77727
77735
77743
77751
77759
77767
77775
77783
77791
77799
77807
77815
77823
77831
77839
77847
77855
77863
77871
77879
77887
77895
77903
77911
77919
77927
77935
77943
77951
77959
77967
77975
77983
77991
77999
78007
78015
78023
78031
78039
78047
78055
78063
78071
78079
78087
78095
78103
78111
78119
78127
78135
78143
78151
78159
78167
78175
78183
78191
78199
78207
78215
78223
78231
78239
78247
78255
78263
78271
78279
78287
78295
78303
78311
78319
78327
78335
78343
78351
78359
78367
78375
78383
78391
78399
78407
78415
78423
78431
78439
78447
78455
78463
78471
78479
78487
78495
78503
78511
78519
78527
78535
78543
78551
78559
78567
78575
78583
78591
78599
78607
78615
78623
78631
78639
78647
78655
78663
78671
78679
78687
78695
78703
78711
78719
78727
78735
78743
78751
78759
78767
78775
78783
78791
78799
78807
78815
78823
78831
78839
78847
78855
78863
78871
78879
78887
78895
78903
78911
78919
78927
78935
78943
78951
78959
78967
78975
78983
78991
78999
79007
79015
79023
79031
79039
79047
79055
79063
79071
79079
79087
79095
79103
79111
79119
79127
79135
79143
79151
79159
79167
79175
79183
79191
79199
79207
79215
79223
79231
79239
79247
79255
79263
79271
79279
79287
79295
79303
79311
79319
79327
79335
79343
79351
79359
79367
79375
79383
79391
79399
79407
79415
79423
79431
79439
79447
79455
79463
79471
79479
79487
79495
79503
79511
79519
79527
79535
79543
79551
79559
79567
79575
79583
79591
79599
79607
79615
79623
79631
79639
79647
79655
79663
79671
79679
79687
79695
79703
79711
79719
79727
79735
79743
79751
79759
79767
79775
79783
79791
79799
79807
79815
79823
79831
79839
79847
79855
79863
79871
79879
79887
79895
79903
79911
79919
79927
79935
79943
79951
79959
79967
79975
79983
79991
79999
80007
80015
80023
80031
80039
80047
80055
80063
80071
80079
80087
80095
80103
80111
80119
80127
80135
80143
80151
80159
80167
80175
80183
80191
80199
80207
80215
80223
80231
80239
80247
80255
80263
80271
80279
80287
80295
80303
80311
80319
80327
80335
80343
80351
80359
80367
80375
80383
80391
80399
80407
80415
80423
80431
80439
80447
80455
80463
80471
80479
80487
80495
80503
80511
80519
80527
80535
80543
80551
80559
80567
80575
80583
80591
80599
80607
80615
80623
80631
80639
80647
80655
80663
80671
80679
80687
80695
80703
80711
80719
80727
80735
80743
80751
80759
80767
80775
80783
80791
80799
80807
80815
80823
80831
80839
80847
80855
80863
80871
80879
80887
80895
80903
80911
80919
80927
80935
80943
80951
80959
80967
80975
80983
80991
80999
81007
81015
81023
81031
81039
81047
81055
81063
81071
81079
81087
81095
81103
81111
81119
81127
81135
81143
81151
81159
81167
81175
81183
81191
81199
81207
81215
81223
81231
81239
81247
81255
81263
81271
81279
81287
81295
81303
81311
81319
81327
81335
81343
81351
81359
81367
81375
81383
81391
81399
81407
81415
81423
81431
81439
81447
81455
81463
81471
81479
81487
81495
81503
81511
81519
81527
81535
81543
81551
81559
81567
81575
81583
81591
81599
81607
81615
81623
81631
81639
81647
81655
81663
81671
81679
81687
81695
81703
81711
81719
81727
81735
81743
81751
81759
81767
81775
81783
81791
81799
81807
81815
81823
81831
81839
81847
81855
81863
81871
81879
81887
81895
81903
81911
81919
81927
81935
81943
81951
81959
81967
81975
81983
81991
81999
82007
82015
82023
82031
82039
82047
82055
82063
82071
82079
82087
82095
82103
82111
82119
82127
82135
82143
82151
82159
82167
82175
82183
82191
82199
82207
82215
82223
82231
82239
82247
82255
82263
82271
82279
82287
82295
82303
82311
82319
82327
82335
82343
82351
82359
82367
82375
82383
82391
82399
82407
82415
82423
82431
82439
82447
82455
82463
82471
82479
82487
82495
82503
82511
82519
82527
82535
82543
82551
82559
82567
82575
82583
82591
82599
82607
82615
82623
82631
82639
82647
82655
82663
82671
82679
82687
82695
82703
82711
82719
82727
82735
82743
82751
82759
82767
82775
82783
82791
82799
82807
82815
82823
82831
82839
82847
82855
82863
82871
82879
82887
82895
82903
82911
82919
82927
82935
82943
82951
82959
82967
82975
82983
82991
82999
83007
83015
83023
83031
83039
83047
83055
83063
83071
83079
83087
83095
83103
83111
83119
83127
83135
83143
83151
83159
83167
83175
83183
83191
83199
83207
83215
83223
83231
83239
83247
83255
83263
83271
83279
83287
83295
83303
83311
83319
83327
83335
83343
83351
83359
83367
83375
83383
83391
83399
83407
83415
83423
83431
83439
83447
83455
83463
83471
83479
83487
83495
83503
83511
83519
83527
83535
83543
83551
83559
83567
83575
83583
83591
83599
83607
83615
83623
83631
83639
83647
83655
83663
83671
83679
83687
83695
83703
83711
83719
83727
83735
83743
83751
83759
83767
83775
83783
83791
83799
83807
83815
83823
83831
83839
83847
83855
83863
83871
83879
83887
83895
83903
83911
83919
83927
83935
83943
83951
83959
83967
83975
83983
83991
83999
84007
84015
84023
84031
84039
84047
84055
84063
84071
84079
84087
84095
84103
84111
84119
84127
84135
84143
84151
84159
84167
84175
84183
84191
84199
84207
84215
84223
84231
84239
84247
84255
84263
84271
84279
84287
84295
84303
84311
84319
84327
84335
84343
84351
84359
84367
84375
84383
84391
84399
84407
84415
84423
84431
84439
84447
84455
84463
84471
84479
84487
84495
84503
84511
84519
84527
84535
84543
84551
84559
84567
84575
84583
84591
84599
84607
84615
84623
84631
84639
84647
84655
84663
84671
84679
84687
84695
84703
84711
84719
84727
84735
84743
84751
84759
84767
84775
84783
84791
84799
84807
84815
84823
84831
84839
84847
84855
84863
84871
84879
84887
84895
84903
84911
84919
84927
84935
84943
84951
84959
84967
84975
84983
84991
84999
85007
85015
85023
85031
85039
85047
85055
85063
85071
85079
85087
85095
85103
85111
85119
85127
85135
85143
85151
85159
85167
85175
85183
85191
85199
85207
85215
85223
85231
85239
85247
85255
85263
85271
85279
85287
85295
85303
85311
85319
85327
85335
85343
85351
85359
85367
85375
85383
85391
85399
85407
85415
85423
85431
85439
85447
85455
85463
85471
85479
85487
85495
85503
85511
85519
85527
85535
85543
85551
85559
85567
85575
85583
85591
85599
85607
85615
85623
85631
85639
85647
85655
85663
85671
85679
85687
85695
85703
85711
85719
85727
85735
85743
85751
85759
85767
85775
85783
85791
85799
85807
85815
85823
85831
85839
85847
85855
85863
85871
85879
85887
85895
85903
85911
85919
85927
85935
85943
85951
85959
85967
85975
85983
85991
85999
86007
86015
86023
86031
86039
86047
86055
86063
86071
86079
86087
86095
86103
86111
86119
86127
86135
86143
86151
86159
86167
86175
86183
86191
86199
86207
86215
86223
86231
86239
86247
86255
86263
86271
86279
86287
86295
86303
86311
86319
86327
86335
86343
86351
86359
86367
86375
86383
86391
86399
86407
86415
86423
86431
86439
86447
86455
86463
86471
86479
86487
86495
86503
86511
86519
86527
86535
86543
86551
86559
86567
86575
86583
86591
86599
86607
86615
86623
86631
86639
86647
86655
86663
86671
86679
86687
86695
86703
86711
86719
86727
86735
86743
86751
86759
86767
86775
86783
86791
86799
86807
86815
86823
86831
86839
86847
86855
86863
86871
86879
86887
86895
86903
86911
86919
86927
86935
86943
86951
86959
86967
86975
86983
86991
86999
87007
87015
87023
87031
87039
87047
87055
87063
87071
87079
87087
87095
87103
87111
87119
87127
87135
87143
87151
87159
87167
87175
87183
87191
87199
87207
87215
87223
87231
87239
87247
87255
87263
87271
87279
87287
87295
87303
87311
87319
87327
87335
87343
87351
87359
87367
87375
87383
87391
87399
87407
87415
87423
87431
87439
87447
87455
87463
87471
87479
87487
87495
87503
87511
87519
87527
87535
87543
87551
87559
87567
87575
87583
87591
87599
87607
87615
87623
87631
87639
87647
87655
87663
87671
87679
87687
87695
87703
87711
87719
87727
87735
87743
87751
87759
87767
87775
87783
87791
87799
87807
87815
87823
87831
87839
87847
87855
87863
87871
87879
87887
87895
87903
87911
87919
87927
87935
87943
87951
87959
87967
87975
87983
87991
87999
88007
88015
88023
88031
88039
88047
88055
88063
88071
88079
88087
88095
88103
88111
88119
88127
88135
88143
88151
88159
88167
88175
88183
88191
88199
88207
88215
88223
88231
88239
88247
88255
88263
88271
88279
88287
88295
88303
88311
88319
88327
88335
88343
88351
88359
88367
88375
88383
88391
88399
88407
88415
88423
88431
88439
88447
88455
88463
88471
88479
88487
88495
88503
88511
88519
88527
88535
88543
88551
88559
88567
88575
88583
88591
88599
88607
88615
88623
88631
88639
88647
88655
88663
88671
88679
88687
88695
88703
88711
88719
88727
88735
88743
88751
88759
88767
88775
88783
88791
88799
88807
88815
88823
88831
88839
88847
88855
88863
88871
88879
88887
88895
88903
88911
88919
88927
88935
88943
88951
88959
88967
88975
88983
88991
88999
89007
89015
89023
89031
89039
89047
89055
89063
89071
89079
89087
89095
89103
89111
89119
89127
89135
89143
89151
89159
89167
89175
89183
89191
89199
89207
89215
89223
89231
89239
89247
89255
89263
89271
89279
89287
89295
89303
89311
89319
89327
89335
89343
89351
89359
89367
89375
89383
89391
89399
89407
89415
89423
89431
89439
89447
89455
89463
89471
89479
89487
89495
89503
89511
89519
89527
89535
89543
89551
89559
89567
89575
89583
89591
89599
89607
89615
89623
89631
89639
89647
89655
89663
89671
89679
89687
89695
89703
89711
89719
89727
89735
89743
89751
89759
89767
89775
89783
89791
89799
89807
89815
89823
89831
89839
89847
89855
89863
89871
89879
89887
89895
89903
89911
89919
89927
89935
89943
89951
89959
89967
89975
89983
89991
89999
90007
90015
90023
90031
90039
90047
90055
90063
90071
90079
90087
90095
90103
90111
90119
90127
90135
90143
90151
90159
90167
90175
90183
90191
90199
90207
90215
90223
90231
90239
90247
90255
90263
90271
90279
90287
90295
90303
90311
90319
90327
90335
90343
90351
90359
90367
90375
90383
90391
90399
90407
90415
90423
90431
90439
90447
90455
90463
90471
90479
90487
90495
90503
90511
90519
90527
90535
90543
90551
90559
90567
90575
90583
90591
90599
90607
90615
90623
90631
90639
90647
90655
90663
90671
90679
90687
90695
90703
90711
90719
90727
90735
90743
90751
90759
90767
90775
90783
90791
90799
90807
90815
90823
90831
90839
90847
90855
90863
90871
90879
90887
90895
90903
90911
90919
90927
90935
90943
90951
90959
90967
90975
90983
90991
90999
91007
91015
91023
91031
91039
91047
91055
91063
91071
91079
91087
91095
91103
91111
91119
91127
91135
91143
91151
91159
91167
91175
91183
91191
91199
91207
91215
91223
91231
91239
91247
91255
91263
91271
91279
91287
91295
91303
91311
91319
91327
91335
91343
91351
91359
91367
91375
91383
91391
91399
91407
91415
91423
91431
91439
91447
91455
91463
91471
91479
91487
91495
91503
91511
91519
91527
91535
91543
91551
91559
91567
91575
91583
91591
91599
91607
91615
91623
91631
91639
91647
91655
91663
91671
91679
91687
91695
91703
91711
91719
91727
91735
91743
91751
91759
91767
91775
91783
91791
91799
91807
91815
91823
91831
91839
91847
91855
91863
91871
91879
91887
91895
91903
91911
91919
91927
91935
91943
91951
91959
91967
91975
91983
91991
91999
92007
92015
92023
92031
92039
92047
92055
92063
92071
92079
92087
92095
92103
92111
92119
92127
92135
92143
92151
92159
92167
92175
92183
92191
92199
92207
92215
92223
92231
92239
92247
92255
92263
92271
92279
92287
92295
92303
92311
92319
92327
92335
92343
92351
92359
92367
92375
92383
92391
92399
92407
92415
92423
92431
92439
92447
92455
92463
92471
92479
92487
92495
92503
92511
92519
92527
92535
92543
92551
92559
92567
92575
92583
92591
92599
92607
92615
92623
92631
92639
92647
92655
92663
92671
92679
92687
92695
92703
92711
92719
92727
92735
92743
92751
92759
92767
92775
92783
92791
92799
92807
92815
92823
92831
92839
92847
92855
92863
92871
92879
92887
92895
92903
92911
92919
92927
92935
92943
92951
92959
92967
92975
92983
92991
92999
93007
93015
93023
93031
93039
93047
93055
93063
93071
93079
93087
93095
93103
93111
93119
93127
93135
93143
93151
93159
93167
93175
93183
93191
93199
93207
93215
93223
93231
93239
93247
93255
93263
93271
93279
93287
93295
93303
93311
93319
93327
93335
93343
93351
93359
93367
93375
93383
93391
93399
93407
93415
93423
93431
93439
93447
93455
93463
93471
93479
93487
93495
93503
93511
93519
93527
93535
93543
93551
93559
93567
93575
93583
93591
93599
93607
93615
93623
93631
93639
93647
93655
93663
93671
93679
93687
93695
93703
93711
93719
93727
93735
93743
93751
93759
93767
93775
93783
93791
93799
93807
93815
93823
93831
93839
93847
93855
93863
93871
93879
93887
93895
93903
93911
93919
93927
93935
93943
93951
93959
93967
93975
93983
93991
93999
94007
94015
94023
94031
94039
94047
94055
94063
94071
94079
94087
94095
94103
94111
94119
94127
94135
94143
94151
94159
94167
94175
94183
94191
94199
94207
94215
94223
94231
94239
94247
94255
94263
94271
94279
94287
94295
94303
94311
94319
94327
94335
94343
94351
94359
94367
94375
94383
94391
94399
94407
94415
94423
94431
94439
94447
94455
94463
94471
94479
94487
94495
94503
94511
94519
94527
94535
94543
94551
94559
94567
94575
94583
94591
94599
94607
94615
94623
94631
94639
94647
94655
94663
94671
94679
94687
94695
94703
94711
94719
94727
94735
94743
94751
94759
94767
94775
94783
94791
94799
94807
94815
94823
94831
94839
94847
94855
94863
94871
94879
94887
94895
94903
94911
94919
94927
94935
94943
94951
94959
94967
94975
94983
94991
94999
95007
95015
95023
95031
95039
95047
95055
95063
95071
95079
95087
95095
95103
95111
95119
95127
95135
95143
95151
95159
95167
95175
95183
95191
95199
95207
95215
95223
95231
95239
95247
95255
95263
95271
95279
95287
95295
95303
95311
95319
95327
95335
95343
95351
95359
95367
95375
95383
95391
95399
95407
95415
95423
95431
95439
95447
95455
95463
95471
95479
95487
95495
95503
95511
95519
95527
95535
95543
95551
95559
95567
95575
95583
95591
95599
95607
95615
95623
95631
95639
95647
95655
95663
95671
95679
95687
95695
95703
95711
95719
95727
95735
95743
95751
95759
95767
95775
95783
95791
95799
95807
95815
95823
95831
95839
95847
95855
95863
95871
95879
95887
95895
95903
95911
95919
95927
95935
95943
95951
95959
95967
95975
95983
95991
95999
96007
96015
96023
96031
96039
96047
96055
96063
96071
96079
96087
96095
96103
96111
96119
96127
96135
96143
96151
96159
96167
96175
96183
96191
96199
96207
96215
96223
96231
96239
96247
96255
96263
96271
96279
96287
96295
96303
96311
96319
96327
96335
96343
96351
96359
96367
96375
96383
96391
96399
96407
96415
96423
96431
96439
96447
96455
96463
96471
96479
96487
96495
96503
96511
96519
96527
96535
96543
96551
96559
96567
96575
96583
96591
96599
96607
96615
96623
96631
96639
96647
96655
96663
96671
96679
96687
96695
96703
96711
96719
96727
96735
96743
96751
96759
96767
96775
96783
96791
96799
96807
96815
96823
96831
96839
96847
96855
96863
96871
96879
96887
96895
96903
96911
96919
96927
96935
96943
96951
96959
96967
96975
96983
96991
96999
97007
97015
97023
97031
97039
97047
97055
97063
97071
97079
97087
97095
97103
97111
97119
97127
97135
97143
97151
97159
97167
97175
97183
97191
97199
97207
97215
97223
97231
97239
97247
97255
97263
97271
97279
97287
97295
97303
97311
97319
97327
97335
97343
97351
97359
97367
97375
97383
97391
97399
97407
97415
97423
97431
97439
97447
97455
97463
97471
97479
97487
97495
97503
97511
97519
97527
97535
97543
97551
97559
97567
97575
97583
97591
97599
97607
97615
97623
97631
97639
97647
97655
97663
97671
97679
97687
97695
97703
97711
97719
97727
97735
97743
97751
97759
97767
97775
97783
97791
97799
97807
97815
97823
97831
97839
97847
97855
97863
97871
97879
97887
97895
97903
97911
97919
97927
97935
97943
97951
97959
97967
97975
97983
97991
97999
98007
98015
98023
98031
98039
98047
98055
98063
98071
98079
98087
98095
98103
98111
98119
98127
98135
98143
98151
98159
98167
98175
98183
98191
98199
98207
98215
98223
98231
98239
98247
98255
98263
98271
98279
98287
98295
98303
98311
98319
98327
98335
98343
98351
98359
98367
98375
98383
98391
98399
98407
98415
98423
98431
98439
98447
98455
98463
98471
98479
98487
98495
98503
98511
98519
98527
98535
98543
98551
98559
98567
98575
98583
98591
98599
98607
98615
98623
98631
98639
98647
98655
98663
98671
98679
98687
98695
98703
98711
98719
98727
98735
98743
98751
98759
98767
98775
98783
98791
98799
98807
98815
98823
98831
98839
98847
98855
98863
98871
98879
98887
98895
98903
98911
98919
98927
98935
98943
98951
98959
98967
98975
98983
98991
98999
99007
99015
99023
99031
99039
99047
99055
99063
99071
99079
99087
99095
99103
99111
99119
99127
99135
99143
99151
99159
99167
99175
99183
99191
99199
99207
99215
99223
99231
99239
99247
99255
99263
99271
99279
99287
99295
99303
99311
99319
99327
99335
99343
99351
99359
99367
99375
99383
99391
99399
99407
99415
99423
99431
99439
99447
99455
99463
99471
99479
99487
99495
99503
99511
99519
99527
99535
99543
99551
99559
99567
99575
99583
99591
99599
99607
99615
99623
99631
99639
99647
99655
99663
99671
99679
99687
99695
99703
99711
99719
99727
99735
99743
99751
99759
99767
99775
99783
99791
99799
99807
99815
99823
99831
99839
99847
99855
99863
99871
99879
99887
99895
99903
99911
99919
99927
99935
99943
99951
99959
99967
99975
99983
99991
99999
100007
100015
100023
100031
100039
100047
100055
100063
100071
100079
100087
100095
100103
100111
100119
100127
100135
100143
100151
100159
100167
100175
100183
100191
100199
100207
100215
100223
100231
100239
100247
100255
100263
100271
100279
100287
100295
100303
100311
100319
100327
100335
100343
100351
100359
100367
100375
100383
100391
100399
100407
100415
100423
100431
100439
100447
100455
100463
100471
100479
100487
100495
100503
100511
100519
100527
100535
100543
100551
100559
100567
100575
100583
100591
100599
100607
100615
100623
100631
100639
100647
100655
100663
100671
100679
100687
100695
100703
100711
100719
100727
100735
100743
100751
100759
100767
100775
100783
100791
100799
100807
100815
100823
100831
100839
100847
100855
100863
100871
100879
100887
100895
100903
100911
100919
100927
100935
100943
100951
100959
100967
100975
100983
100991
100999
101007
101015
101023
101031
101039
101047
101055
101063
101071
101079
101087
101095
101103
101111
101119
101127
101135
101143
101151
101159
101167
101175
101183
101191
101199
101207
101215
101223
101231
101239
101247
101255
101263
101271
101279
101287
101295
101303
101311
101319
101327
101335
101343
101351
101359
101367
101375
101383
101391
101399
101407
101415
101423
101431
101439
101447
101455
101463
101471
101479
101487
101495
101503
101511
101519
101527
101535
101543
101551
101559
101567
101575
101583
101591
101599
101607
101615
101623
101631
101639
101647
101655
101663
101671
101679
101687
101695
101703
101711
101719
101727
101735
101743
101751
101759
101767
101775
101783
101791
101799
101807
101815
101823
101831
101839
101847
101855
101863
101871
101879
101887
101895
101903
101911
101919
101927
101935
101943
101951
101959
101967
101975
101983
101991
101999
102007
102015
102023
102031
102039
102047
102055
102063
102071
102079
102087
102095
102103
102111
102119
102127
102135
102143
102151
102159
102167
102175
102183
102191
102199
102207
102215
102223
102231
102239
102247
102255
102263
102271
102279
102287
102295
102303
102311
102319
102327
102335
102343
102351
102359
102367
102375
102383
102391
102399
102407
102415
102423
102431
102439
102447
102455
102463
102471
102479
102487
102495
102503
102511
102519
102527
102535
102543
102551
102559
102567
102575
102583
102591
102599
102607
102615
102623
102631
102639
102647
102655
102663
102671
102679
102687
102695
102703
102711
102719
102727
102735
102743
102751
102759
102767
102775
102783
102791
102799
102807
102815
102823
102831
102839
102847
102855
102863
102871
102879
102887
102895
102903
102911
102919
102927
102935
102943
102951
102959
102967
102975
102983
102991
102999
103007
103015
103023
103031
103039
103047
103055
103063
103071
103079
103087
103095
103103
103111
103119
103127
103135
103143
103151
103159
103167
103175
103183
103191
103199
103207
103215
103223
103231
103239
103247
103255
103263
103271
103279
103287
103295
103303
103311
103319
103327
103335
103343
103351
103359
103367
103375
103383
103391
103399
103407
103415
103423
103431
103439
103447
103455
103463
103471
103479
103487
103495
103503
103511
103519
103527
103535
103543
103551
103559
103567
103575
103583
103591
103599
103607
103615
103623
103631
103639
103647
103655
103663
103671
103679
103687
103695
103703
103711
103719
103727
103735
103743
103751
103759
103767
103775
103783
103791
103799
103807
103815
103823
103831
103839
103847
103855
103863
103871
103879
103887
103895
103903
103911
103919
103927
103935
103943
103951
103959
103967
103975
103983
103991
103999
104007
104015
104023
104031
104039
104047
104055
104063
104071
104079
104087
104095
104103
104111
104119
104127
104135
104143
104151
104159
104167
104175
104183
104191
104199
104207
104215
104223
104231
104239
104247
104255
104263
104271
104279
104287
104295
104303
104311
104319
104327
104335
104343
104351
104359
104367
104375
104383
104391
104399
104407
104415
104423
104431
104439
104447
104455
104463
104471
104479
104487
104495
104503
104511
104519
104527
104535
104543
104551
104559
104567
104575
104583
104591
104599
104607
104615
104623
104631
104639
104647
104655
104663
104671
104679
104687
104695
104703
104711
104719
104727
104735
104743
104751
104759
104767
104775
104783
104791
104799
104807
104815
104823
104831
104839
104847
104855
104863
104871
104879
104887
104895
104903
104911
104919
104927
104935
104943
104951
104959
104967
104975
104983
104991
104999
105007
105015
105023
105031
105039
105047
105055
105063
105071
105079
105087
105095
105103
105111
105119
105127
105135
105143
105151
105159
105167
105175
105183
105191
105199
105207
105215
105223
105231
105239
105247
105255
105263
105271
105279
105287
105295
105303
105311
105319
105327
105335
105343
105351
105359
105367
105375
105383
105391
105399
105407
105415
105423
105431
105439
105447
105455
105463
105471
105479
105487
105495
105503
105511
105519
105527
105535
105543
105551
105559
105567
105575
105583
105591
105599
105607
105615
105623
105631
105639
105647
105655
105663
105671
105679
105687
105695
105703
105711
105719
105727
105735
105743
105751
105759
105767
105775
105783
105791
105799
105807
105815
105823
105831
105839
105847
105855
105863
105871
105879
105887
105895
105903
105911
105919
105927
105935
105943
105951
105959
105967
105975
105983
105991
105999
106007
106015
106023
106031
106039
106047
106055
106063
106071
106079
106087
106095
106103
106111
106119
106127
106135
106143
106151
106159
106167
106175
106183
106191
106199
106207
106215
106223
106231
106239
106247
106255
106263
106271
106279
106287
106295
106303
106311
106319
106327
106335
106343
106351
106359
106367
106375
106383
106391
106399
106407
106415
106423
106431
106439
106447
106455
106463
106471
106479
106487
106495
106503
106511
106519
106527
106535
106543
106551
106559
106567
106575
106583
106591
106599
106607
106615
106623
106631
106639
106647
106655
106663
106671
106679
106687
106695
106703
106711
106719
106727
106735
106743
106751
106759
106767
106775
106783
106791
106799
106807
106815
106823
106831
106839
106847
106855
106863
106871
106879
106887
106895
106903
106911
106919
106927
106935
106943
106951
106959
106967
106975
106983
106991
106999
107007
107015
107023
107031
107039
107047
107055
107063
107071
107079
107087
107095
107103
107111
107119
107127
107135
107143
107151
107159
107167
107175
107183
107191
107199
107207
107215
107223
107231
107239
107247
107255
107263
107271
107279
107287
107295
107303
107311
107319
107327
107335
107343
107351
107359
107367
107375
107383
107391
107399
107407
107415
107423
107431
107439
107447
107455
107463
107471
107479
107487
107495
107503
107511
107519
107527
107535
107543
107551
107559
107567
107575
107583
107591
107599
107607
107615
107623
107631
107639
107647
107655
107663
107671
107679
107687
107695
107703
107711
107719
107727
107735
107743
107751
107759
107767
107775
107783
107791
107799
107807
107815
107823
107831
107839
107847
107855
107863
107871
107879
107887
107895
107903
107911
107919
107927
107935
107943
107951
107959
107967
107975
107983
107991
107999
108007
108015
108023
108031
108039
108047
108055
108063
108071
108079
108087
108095
108103
108111
108119
108127
108135
108143
108151
108159
108167
108175
108183
108191
108199
108207
108215
108223
108231
108239
108247
108255
108263
108271
108279
108287
108295
108303
108311
108319
108327
108335
108343
108351
108359
108367
108375
108383
108391
108399
108407
108415
108423
108431
108439
108447
108455
108463
108471
108479
108487
108495
108503
108511
108519
108527
108535
108543
108551
108559
108567
108575
108583
108591
108599
108607
108615
108623
108631
108639
108647
108655
108663
108671
108679
108687
108695
108703
108711
108719
108727
108735
108743
108751
108759
108767
108775
108783
108791
108799
108807
108815
108823
108831
108839
108847
108855
108863
108871
108879
108887
108895
108903
108911
108919
108927
108935
108943
108951
108959
108967
108975
108983
108991
108999
109007
109015
109023
109031
109039
109047
109055
109063
109071
109079
109087
109095
109103
109111
109119
109127
109135
109143
109151
109159
109167
109175
109183
109191
109199
109207
109215
109223
109231
109239
109247
109255
109263
109271
109279
109287
109295
109303
109311
109319
109327
109335
109343
109351
109359
109367
109375
109383
109391
109399
109407
109415
109423
109431
109439
109447
109455
109463
109471
109479
109487
109495
109503
109511
109519
109527
109535
